原图大小 960*540

shiny_icon      845*45      22*22       闪光标志
sv_icon         920*45      22*22       朱紫标志
arrow                       36*32       盒子界面箭头（向下）
box_space                   60*60       盒子空白位置
current_party_space         182*62      同行空白位置（盒子界面）
egg                         60*60       蛋（盒子内）

同行
1   (18, 98)
2   (18, 161)
3   (18, 224)
4   (18, 287)
5   (18, 350)
6   (18, 413)

盒子

    1           2           3           4           5
1   (225, 100)  (225, 163)  (225, 226)  (225, 289)  (225, 352)
2   (288, 100)  (288, 163)  (288, 226)  (288, 289)  (288, 352)
3   (351, 100)  (351, 163)  (351, 226)  (351, 289)  (351, 352)
4   (414, 100)  (414, 163)  (414, 226)  (414, 289)  (414, 352)
5   (477, 100)  (477, 163)  (477, 226)  (477, 289)  (477, 352)
6   (540, 100)  (540, 163)  (540, 226)  (540, 289)  (540, 352)
